25,-1.449528,4.506354,555.8003,0.6292566,0,True
#
27,-8.756591,6.916599,599.8572,0.9754583,7,True
#
21,-5.137791,7.522624,593.6295,0.6582508,4,True
#
28,-9.307114,9.680096,599.9525,0.8835112,2,True
#
25,-0.4577243,3.091896,598.4425,0.8678913,3,True
#
23,-0.7276571,8.514972,599.9702,0.6400667,4,True
#
3,-3.702645,4.582959,599.9999,0.7215164,2,True
#
13,-3.439779,0.9246588,600,0.8404849,7,True
#
6,-4.390604,6.568955,599.9999,0.8127475,0,True
#
29,-3.581689,5.919602,435.7939,0.8254399,7,True
#
4,-2.797789,3.722358,600,0.8714437,0,True
#
12,-4.716272,9.15494,401.9019,0.5014731,4,True
#
24,-1.064265,6.764456,589.5349,0.6560646,3,True
#
5,-2.487173,8.455025,596.9544,0.6316054,6,True
#
2,-1.570874,7.312703,599.9996,0.8757421,6,True
#
24,-4.416971,6.881484,599.9999,0.5817037,1,True
#
28,-5.046549,4.855016,550.0077,0.9255961,2,True
#
1,-6.256373,2.022729,600,0.989532,1,True
#
25,-4.269133,5.207239,600,0.722036,6,True
#
10,-5.244658,4.100698,600,0.6366115,0,True
#
5,-9.695817,8.761694,599.9993,0.77689,2,True
#
22,-0.484674,3.555033,600,0.9975465,0,True
#
24,-5.280753,6.185455,600,0.7214119,4,True
#
4,-5.452361,0.9391773,312.6363,0.5437921,4,True
#
29,-3.3289,2.366812,598.7679,0.9498787,4,True
#
24,-6.379886,4.784768,355.5336,0.7667767,5,True
#
25,-1.502703,7.836659,600,0.7537693,4,True
#
19,-4.637239,7.050248,599.9962,0.7216958,5,True
#
17,-9.70724,2.624805,586.028,0.798713,4,True
#
10,-1.483808,0.369668,599.9996,0.8534503,4,True
#
12,-7.674544,1.219989,599.9983,0.9054326,1,True
#
6,-4.01174,2.297885,599.1856,0.8220074,2,True
#
8,-0.8613026,7.54946,417.8444,0.8580772,2,True
#
2,-2.300365,6.895304,600,0.997969,0,True
#
22,-0.8338535,9.670666,600,0.6664957,2,True
#
11,-1.164193,0.3809392,599.4785,0.6263093,1,True
#
15,-7.865356,3.483925,599.9958,0.7061204,6,True
#
19,-4.007134,7.014284,599.9928,0.6860938,6,True
#
7,-6.723154,5.410333,599.9998,0.9151246,2,True
#
*
23,-3.870206,11.43664,599.9719,0.7285248,3,True
#
5,-2.195187,19.74482,599.5556,0.6789218,2,True
#
17,-6.79934,14.82715,599.9943,0.891161,4,True
#
10,-6.020415,12.7998,596.7934,0.538414,5,True
#
5,-0.5759597,18.04474,599.9988,0.5566134,6,True
#
4,-0.1318574,19.84041,599.9998,0.948779,6,True
#
2,-1.561173,19.10529,599.9997,0.5777425,4,True
#
14,-6.75703,13.55686,599.7983,0.7994365,4,True
#
28,-7.963383,15.0291,600,0.8676136,3,True
#
18,-9.462136,16.4756,599.9789,0.979553,1,True
#
1,-7.877727,11.40518,600,0.7006303,3,True
#
19,-4.711067,12.95381,600,0.8147696,5,True
#
6,-6.049319,14.74878,538.7242,0.5087502,2,True
#
13,-0.002222061,16.82106,599.9648,0.880627,5,True
#
2,-1.270957,17.39869,447.1855,0.837147,4,True
#
8,-0.08415341,15.87883,599.9855,0.6452287,2,True
#
0,-7.3726,14.37042,599.9915,0.8030592,6,True
#
16,-1.258519,16.01178,599.7363,0.9880731,6,True
#
7,-7.018279,10.59738,599.9997,0.6912216,2,True
#
25,-8.863534,12.00672,585.1747,0.8215624,0,True
#
0,-1.983533,15.74823,600,0.8376317,3,True
#
13,-8.780374,18.42361,599.9985,0.9093053,6,True
#
18,-2.782026,14.2205,599.9998,0.6588753,4,False
#
26,-2.585338,18.07392,565.1425,0.584609,3,True
#
12,-5.612522,13.99847,600,0.9034818,1,True
#
2,-6.846061,19.68596,600,0.9063441,3,True
#
0,-4.468889,10.78516,600,0.5202311,3,True
#
20,-6.412537,19.5246,600,0.6484683,5,True
#
26,-6.921596,11.80545,599.997,0.604331,6,True
#
10,-5.973804,13.5467,600,0.7987183,1,True
#
1,-1.664778,17.4477,599.978,0.7423764,3,True
#
7,-0.8753741,10.25,598.2325,0.760759,5,True
#
25,-4.226563,12.84208,600,0.95056,4,True
#
3,-1.055533,17.0937,599.9944,0.6669922,5,True
#
19,-4.061842,15.59215,599.7852,0.7834986,7,True
#
17,-2.309211,19.7368,599.1608,0.9508089,2,True
#
21,-4.511643,17.45103,599.9998,0.6949384,2,True
#
27,-3.449882,16.57954,596.8669,0.5449851,5,True
#
3,-5.697112,19.23444,600,0.895452,5,True
#
4,-5.782874,14.36729,599.9634,0.940352,0,True
#
*
?
21,-15.94003,4.025672,600,0.7055622,6,True
#
14,-19.57207,2.608729,554.3553,0.6800469,5,True
#
2,-17.66119,8.198566,598.4016,0.5213603,7,True
#
20,-13.55155,1.207969,582.6112,0.7992685,7,True
#
17,-16.71877,2.344214,599.649,0.5986267,0,True
#
15,-12.6466,1.331049,430.2031,0.782236,3,True
#
24,-18.52395,4.860609,600,0.6681842,0,True
#
5,-18.09691,1.740376,600,0.5949055,6,True
#
14,-14.52501,6.848614,599.9918,0.7951078,6,True
#
3,-12.57548,4.380999,599.9996,0.7533468,3,True
#
27,-15.86542,3.654148,468.4462,0.9386072,5,True
#
28,-14.26723,4.094827,600,0.9890572,4,True
#
0,-16.47736,0.6281734,600,0.957246,0,True
#
11,-15.22965,5.166552,546.3904,0.9607319,6,True
#
17,-18.70819,9.598283,533.6907,0.8911663,0,True
#
28,-12.44072,6.826495,599.7507,0.9777657,0,True
#
8,-15.03187,5.977502,316.4358,0.5385329,4,True
#
0,-17.50566,8.334784,598.6018,0.8241421,7,True
#
7,-17.25457,2.825032,599.1703,0.7905306,1,True
#
14,-11.69275,9.395254,598.4598,0.9770422,2,True
#
27,-18.94429,4.736714,600,0.8106661,1,True
#
23,-11.09848,5.444569,600,0.5188326,4,True
#
26,-12.91711,5.716953,599.9341,0.6832722,5,True
#
11,-19.1145,8.690239,454.3634,0.9102873,5,True
#
11,-17.50869,9.698676,501.0678,0.7796943,2,True
#
9,-17.82047,5.389259,595.4232,0.778731,7,True
#
20,-17.79504,1.125309,599.9409,0.6738403,0,True
#
8,-13.90556,2.211875,600,0.9216254,7,True
#
0,-14.01371,0.2285898,588.3043,0.5534135,0,True
#
17,-13.99351,7.647451,600,0.7469959,6,True
#
29,-10.06094,4.489878,599.9878,0.6807749,7,True
#
0,-17.31592,8.561462,343.2502,0.8317401,6,True
#
19,-18.44359,2.882092,600,0.5248157,3,True
#
0,-13.34291,4.148409,600,0.7847565,1,True
#
4,-14.00286,3.864093,599.9944,0.6812373,0,True
#
25,-13.2811,5.184319,599.9999,0.5598629,0,True
#
23,-12.30725,3.262322,599.7028,0.695712,0,True
#
19,-15.66588,8.548748,599.9044,0.6727216,5,True
#
6,-12.33947,3.022326,599.9838,0.6265653,1,True
#
*
5,-16.72597,14.80739,600,0.5135895,6,True
#
5,-19.64378,13.50908,554.4192,0.7864035,5,True
#
10,-19.18749,14.22537,599.9487,0.6348082,7,True
#
21,-19.42417,14.13153,599.7408,0.7617431,6,True
#
8,-12.46182,12.33957,591.4242,0.5101462,2,True
#
25,-19.96227,14.07823,547.1425,0.724228,7,True
#
23,-14.34744,18.80247,507.3064,0.914073,0,True
#
13,-11.01864,16.6058,409.7655,0.9074768,3,True
#
20,-11.17575,13.69848,599.928,0.5004358,2,True
#
1,-12.59421,14.90677,599.9772,0.7367065,3,True
#
5,-19.40532,13.33603,599.4467,0.7877761,1,True
#
19,-13.96145,17.8055,599.6492,0.6766595,7,True
#
26,-19.40706,15.08469,597.39,0.793257,7,True
#
18,-15.53671,12.51485,599.9998,0.7423143,4,True
#
15,-17.53292,19.50959,440.5826,0.8189752,1,True
#
14,-10.65986,14.33144,599.9999,0.8563852,2,True
#
9,-16.51081,13.7402,600,0.691408,2,True
#
19,-17.97644,17.68611,600,0.9518369,0,True
#
1,-13.65465,19.19776,599.129,0.8910974,4,True
#
17,-19.64542,10.77091,600,0.99843,4,True
#
5,-14.05521,14.27324,591.7186,0.6161121,4,True
#
5,-15.36313,10.07889,590.9938,0.7407428,6,True
#
3,-19.03833,12.23109,599.9728,0.6376512,0,True
#
2,-15.79032,19.24429,513.1403,0.7403283,1,True
#
7,-15.52914,12.06797,600,0.5313801,5,True
#
20,-14.84859,17.58236,599.9996,0.779413,7,True
#
25,-12.15071,10.65093,600,0.8926096,6,True
#
19,-16.35991,10.56171,599.9509,0.5576522,2,True
#
5,-15.98598,10.78182,600,0.6391497,1,True
#
29,-19.45911,18.77492,600,0.7915254,4,True
#
7,-16.23166,15.20791,600,0.8489404,0,True
#
23,-14.89281,13.92726,599.9984,0.7318174,0,True
#
7,-12.83464,13.5623,599.9998,0.5740479,6,True
#
3,-15.23177,13.45101,599.9803,0.6690296,2,True
#
4,-12.76733,16.32397,597.5497,0.7136312,2,True
#
18,-16.00652,15.2627,599.9989,0.6799105,4,True
#
18,-10.10933,17.40575,600,0.9285838,6,True
#
18,-14.15136,10.74135,599.9526,0.6427412,7,True
#
3,-10.46299,13.93161,309.6629,0.597483,3,True
#
*
?
/
9,9.257652,3.640345,600,0.6581411,7,True
#
22,4.666028,4.48077,599.1591,0.9548873,4,True
#
9,8.04738,8.168082,561.4347,0.844755,1,True
#
24,2.221571,1.028205,599.9869,0.964331,1,True
#
29,6.035314,3.160482,600,0.7944843,1,True
#
22,0.4957771,9.776712,599.8904,0.6125454,6,True
#
15,2.062845,8.36295,600,0.9650719,7,True
#
12,0.3509903,3.763682,599.9913,0.9783206,1,True
#
12,8.731115,4.433765,600,0.8782318,3,True
#
20,5.392194,1.903387,599.3381,0.8317211,1,True
#
15,0.7450318,5.881669,584.6779,0.6081938,6,True
#
17,1.552873,2.981915,600,0.9266422,3,True
#
24,2.577234,4.500425,596.5522,0.8299572,3,True
#
9,0.08601546,8.893956,599.9992,0.9083897,1,True
#
24,2.223842,7.686484,545.5894,0.9438334,1,True
#
26,0.2269936,8.15066,600,0.7245637,4,True
#
11,7.234048,7.457201,599.9998,0.7091855,0,True
#
18,3.061132,4.07971,599.9999,0.7778642,5,True
#
25,3.673928,8.1618,599.8306,0.5229684,6,True
#
7,3.792174,9.075232,600,0.8823479,3,True
#
3,2.084663,6.307182,600,0.6197296,6,True
#
17,0.2970934,8.819237,600,0.7897719,4,True
#
24,7.405467,4.841092,597.7195,0.8645262,6,True
#
22,7.91246,3.572647,599.9992,0.590669,2,True
#
2,7.890632,6.839955,599.7934,0.7876316,0,True
#
18,1.595262,1.826952,599.9037,0.9757099,4,True
#
7,9.681354,5.01473,584.2946,0.9520057,4,True
#
5,5.178914,6.296566,597.7984,0.783268,1,True
#
16,0.1839113,2.565751,600,0.5910293,0,True
#
11,2.783734,7.315807,590.7076,0.7140701,1,True
#
20,8.912943,3.517986,512.9843,0.7746861,6,True
#
8,1.082971,6.057077,600,0.5554916,3,True
#
23,2.27936,2.349242,599.999,0.9938206,5,True
#
10,1.364921,3.443847,597.8722,0.7238636,7,True
#
17,1.088113,3.764287,502.9299,0.8030099,2,True
#
18,8.034325,2.708296,599.9999,0.709361,5,True
#
11,3.034651,4.836001,556.8413,0.8245817,2,True
#
25,9.762928,0.6082416,383.3138,0.693274,5,True
#
11,4.938727,7.557945,600,0.6443253,3,True
#
*
0,0.6419659,14.83465,600,0.9074994,7,True
#
13,9.581114,15.10019,600,0.6939421,0,True
#
27,9.433243,11.10711,599.8441,0.8567935,1,True
#
11,3.601015,13.11501,416.477,0.8499795,3,True
#
10,6.809505,12.05394,599.9965,0.9890024,1,True
#
15,2.861088,11.75539,600,0.7116773,1,True
#
10,3.201148,19.00692,593.4407,0.9485949,6,True
#
21,5.003187,11.03333,600,0.5191149,6,True
#
14,8.330728,13.20864,599.9803,0.575198,3,True
#
9,5.021232,11.42258,600,0.9888118,2,True
#
1,8.119619,17.93599,600,0.5339282,4,True
#
0,0.6663239,18.1761,551.928,0.7724144,7,True
#
9,9.932137,19.55678,599.996,0.9883745,6,True
#
28,2.181588,15.39144,599.9995,0.5569047,6,True
#
27,4.437372,13.85967,599.2213,0.8774083,2,True
#
18,9.106253,12.14764,413.481,0.6313294,1,True
#
13,9.655098,19.33015,555.1597,0.6518714,4,True
#
21,5.039418,13.07133,590.9614,0.9048377,1,True
#
28,9.773902,18.50679,600,0.6747591,1,True
#
13,9.577133,10.68811,599.9869,0.5525358,1,True
#
23,1.587731,19.45955,600,0.8935773,6,True
#
25,1.394001,17.14436,599.3478,0.8293205,6,True
#
16,9.20509,19.0117,599.9999,0.7352631,2,True
#
18,6.529046,10.03997,599.8655,0.5943426,4,True
#
29,9.173554,18.24949,599.9743,0.7024852,5,True
#
8,3.571801,14.46562,598.9897,0.6779095,2,True
#
29,0.1999378,16.38576,334.6185,0.6672356,5,True
#
21,2.912688,11.64989,599.9347,0.8648633,2,True
#
17,8.764659,12.59097,600,0.8329484,2,True
#
2,5.734183,11.22902,600,0.6226826,1,True
#
0,3.371215,18.30715,599.3835,0.6691594,3,True
#
23,2.968878,17.33553,537.5534,0.8893889,7,True
#
9,5.183112,14.58646,583.2324,0.6351092,1,True
#
4,4.430146,18.9334,589.5341,0.8581008,3,True
#
4,2.229068,14.18348,600,0.7886016,6,True
#
8,9.519045,14.89401,600,0.5965455,5,True
#
29,5.125981,12.52995,600,0.629814,1,True
#
26,2.797915,14.255,600,0.9050692,6,True
#
26,1.590441,12.62441,600,0.5114945,6,True
#
17,7.307513,13.38087,599.9999,0.5652134,7,True
#
*
?
14,18.93671,3.919211,599.9958,0.6504593,3,True
#
27,11.94967,8.740498,600,0.5014666,5,True
#
25,17.8115,7.347256,593.7327,0.8393304,5,True
#
0,14.57434,4.379355,600,0.6727706,2,True
#
20,11.72674,1.096907,599.9865,0.7779094,6,True
#
11,10.95713,8.419271,585.3121,0.6954286,1,True
#
2,10.44334,4.295008,599.9901,0.6373427,5,True
#
13,18.73095,1.768813,556.4008,0.7754411,0,True
#
13,14.29049,5.501836,600,0.7789638,1,True
#
13,10.1967,8.189938,580.5447,0.6609684,1,True
#
11,19.5094,3.700435,600,0.8600959,1,True
#
3,19.61729,4.424979,600,0.7806746,5,True
#
2,12.31324,8.566035,596.5989,0.5367931,5,True
#
0,19.99368,8.228954,599.8682,0.6389267,4,True
#
17,19.07622,4.366319,355.63,0.5156296,7,False
#
13,18.67464,5.322698,600,0.6549348,1,True
#
22,12.20375,8.265405,600,0.6806878,5,True
#
2,15.53705,4.327395,599.9034,0.5882607,4,True
#
19,10.34496,0.2625966,596.7986,0.9512318,3,True
#
19,15.63032,6.4448,537.3837,0.5816693,2,True
#
22,10.13764,3.546977,595.8741,0.7583401,5,True
#
20,15.38871,3.183516,600,0.8816941,4,True
#
28,13.69501,7.658118,599.9957,0.6044132,5,True
#
29,14.33685,2.707378,597.8983,0.7408264,5,True
#
1,15.13517,8.393064,599.8525,0.9555851,2,True
#
3,10.71935,8.69481,600,0.6130609,5,True
#
11,18.43553,1.075482,599.9963,0.7646285,0,True
#
10,17.05231,8.877283,599.9587,0.8016131,2,True
#
22,14.72047,4.627528,600,0.9119411,0,True
#
23,16.47211,2.351358,600,0.5742652,4,True
#
15,12.44415,4.325712,599.8328,0.7096409,3,True
#
0,19.36378,8.348937,599.9999,0.7813104,3,True
#
27,14.60067,5.628019,589.5524,0.7559651,7,True
#
5,11.20999,7.594755,575.178,0.5526146,0,True
#
23,11.11754,1.20597,599.9617,0.6840342,6,True
#
5,13.5128,7.171948,596.1685,0.8980967,4,True
#
19,13.85234,8.629213,330.5204,0.8861,7,True
#
4,11.97486,0.9678805,599.9964,0.7971892,1,True
#
4,18.72948,2.392322,600,0.7474738,4,True
#
*
7,18.79345,17.30784,599.9988,0.5014117,6,True
#
29,17.83751,19.30668,591.4863,0.5680526,7,True
#
18,19.22994,13.83689,599.7862,0.5892216,6,True
#
14,11.69924,15.23194,600,0.9996554,4,True
#
18,11.9874,13.1285,599.5966,0.5845132,7,True
#
15,12.15847,17.06542,600,0.5841021,2,True
#
21,14.69732,14.61736,600,0.8726729,4,True
#
18,14.51034,14.00114,597.6518,0.5751694,5,True
#
1,17.94684,10.89698,596.275,0.5705941,3,True
#
9,10.59353,15.24665,600,0.7119441,1,True
#
4,13.13422,11.99616,599.4588,0.904024,7,True
#
2,19.92486,13.14989,599.957,0.571038,4,True
#
17,19.25073,12.11388,599.9453,0.5191112,1,True
#
16,12.8108,16.3954,600,0.7433635,2,True
#
27,10.41414,14.324,599.9995,0.7501321,1,True
#
1,14.24881,15.33558,600,0.8742182,1,True
#
7,17.34255,16.52806,599.9942,0.5250611,7,True
#
5,19.60056,12.275,597.5211,0.7925065,7,True
#
26,11.14145,11.81885,599.4634,0.698715,0,True
#
26,15.54154,17.44005,599.9999,0.5991653,2,True
#
4,18.53855,11.2893,531.8894,0.5760092,5,True
#
2,19.54189,16.92403,600,0.667135,1,True
#
10,18.35015,16.21149,599.9684,0.8603981,3,True
#
24,13.9929,10.53329,600,0.8913983,6,True
#
13,12.3281,11.18708,574.5025,0.6465508,3,True
#
9,19.42863,14.25183,580.7311,0.6271025,2,True
#
9,18.03179,14.2163,513.6421,0.5020177,2,True
#
4,18.23578,18.97914,600,0.7415379,6,True
#
12,19.69498,12.0166,595.4111,0.6950548,1,True
#
6,15.39972,11.52586,596.848,0.9434948,1,True
#
6,11.19517,10.71204,599.9972,0.9708272,3,True
#
15,19.70797,16.56022,599.9997,0.9859402,2,True
#
6,14.62373,19.09353,599.9793,0.6660556,0,True
#
24,10.80554,19.34488,599.9964,0.9272988,3,True
#
19,17.66945,11.49453,599.9994,0.5662181,0,True
#
9,17.74722,19.99763,383.6778,0.5913128,6,True
#
8,16.72045,17.92519,599.8417,0.7305754,4,True
#
3,15.44662,15.05467,599.7512,0.836749,6,True
#
10,16.8275,10.32926,600,0.7312093,4,True
#
*
?
/
28,-2.951216,-2.485778,599.8533,0.5830606,1,True
#
19,-5.50188,-9.181214,599.9999,0.6465977,6,True
#
22,-8.986771,-4.094816,586.0319,0.5622175,5,True
#
16,-6.305642,-6.745433,600,0.5425431,0,True
#
27,-9.870527,-2.644803,598.7589,0.5138631,7,True
#
6,-1.364334,-5.824883,599.2116,0.8104289,2,True
#
22,-1.200396,-1.344241,599.4586,0.826038,4,True
#
18,-2.025644,-5.154255,599.9958,0.54928,6,True
#
27,-3.244672,-7.308073,572.6631,0.8857365,2,True
#
26,-3.325805,-9.411263,600,0.6797113,6,True
#
14,-0.3280818,-5.215771,599.9998,0.9526283,3,True
#
16,-9.44723,-4.566803,590.8997,0.8904759,2,True
#
8,-5.767706,-9.493872,590.5125,0.910067,2,True
#
7,-4.18489,-2.430564,598.673,0.6966573,0,True
#
11,-9.622698,-6.409476,555.2191,0.594604,2,True
#
16,-1.179845,-0.7077944,588.017,0.9646454,7,True
#
6,-7.942353,-5.992277,563.5739,0.7325078,4,True
#
5,-6.682546,-8.901029,478.8702,0.7654244,3,True
#
5,-2.598699,-3.395515,334.7338,0.6766697,7,True
#
2,-8.125628,-9.192667,564.9838,0.708459,2,True
#
3,-7.64,-7.867186,599.9454,0.8517088,3,True
#
24,-6.477904,-7.908995,599.993,0.6250683,3,True
#
18,-4.08356,-1.517973,516.7168,0.6698586,3,True
#
0,-0.01478314,-0.05682588,583.7291,0.983476,0,True
#
3,-4.908835,-4.441867,599.9936,0.8600627,6,True
#
7,-4.161801,-4.310124,600,0.793347,4,True
#
13,-9.884174,-3.247934,599.9993,0.6035815,6,True
#
0,-8.772791,-8.598715,599.7009,0.885933,3,True
#
3,-2.124128,-0.8545911,600,0.6739991,0,True
#
0,-8.397436,-5.905354,591.029,0.7616512,1,True
#
4,-9.482985,-2.425659,599.6207,0.6421932,0,True
#
17,-0.6967461,-8.816532,592.5684,0.5950021,2,True
#
6,-7.374921,-9.753651,600,0.6042727,1,True
#
5,-1.790913,-8.19148,599.2631,0.9543808,1,True
#
21,-3.089113,-9.79629,598.3539,0.9505385,4,True
#
19,-2.568023,-2.931594,561.4712,0.5959321,6,True
#
15,-8.396118,-8.996103,588.9781,0.5234748,0,True
#
1,-1.018462,-4.241794,381.8844,0.7817928,6,True
#
13,-2.816829,-2.133043,526.6444,0.6135463,2,True
#
*
29,-6.923654,-11.45609,600,0.8577635,0,True
#
29,-1.117833,-18.92141,579.2742,0.7961644,1,True
#
17,-1.608483,-10.40433,599.6591,0.928494,2,True
#
9,-7.918587,-16.66804,599.9872,0.6136119,7,True
#
28,-2.577618,-11.68361,600,0.5543461,4,True
#
18,-0.9881496,-11.03303,600,0.7457764,4,True
#
17,-0.7652271,-12.11187,599.5795,0.6604553,6,True
#
25,-8.810806,-15.77138,599.5019,0.8060414,4,True
#
6,-1.823379,-14.8786,599.9784,0.8541636,2,True
#
27,-4.767883,-18.30491,600,0.7676746,3,True
#
11,-4.407722,-16.35596,600,0.597694,5,True
#
22,-0.2166343,-15.99103,599.9826,0.9167731,2,True
#
15,-6.367835,-16.22133,599.9778,0.6482366,0,True
#
10,-4.011174,-10.20545,600,0.7628623,3,True
#
5,-2.532863,-14.63306,544.023,0.6057563,7,True
#
21,-7.229447,-13.39931,600,0.9267638,2,True
#
19,-7.850312,-10.86108,600,0.7220923,6,True
#
26,-6.210771,-16.62542,599.7949,0.907801,2,True
#
12,-5.429032,-10.95895,599.9969,0.609669,6,True
#
16,-4.407166,-10.24316,599.9971,0.6081645,4,True
#
0,-1.42797,-12.98284,599.9997,0.9192365,6,True
#
0,-1.914817,-19.86146,566.7964,0.94457,1,True
#
11,-0.1929951,-17.30675,599.9446,0.9645622,4,True
#
29,-1.442338,-12.7497,600,0.899729,1,True
#
25,-0.6933165,-13.56903,596.309,0.706997,1,True
#
28,-1.552476,-13.74875,599.9722,0.9811308,7,True
#
21,-9.005751,-18.48582,599.9999,0.7671312,6,True
#
5,-1.264069,-17.41916,600,0.5256603,7,True
#
3,-1.590923,-17.7945,600,0.6355008,2,True
#
4,-7.509081,-15.17443,599.4745,0.7454054,0,True
#
12,-7.126144,-10.04873,543.3265,0.9601591,4,True
#
0,-4.079825,-13.2063,599.9999,0.5672563,2,True
#
27,-3.153347,-15.24034,581.4788,0.6852125,0,True
#
3,-6.575363,-10.39162,600,0.847748,0,True
#
10,-9.452723,-16.74067,599.8712,0.7538029,1,True
#
23,-8.560032,-16.43139,599.9843,0.6604644,1,True
#
3,-2.70997,-16.57545,600,0.9050592,4,True
#
8,-7.110406,-10.2077,600,0.7813938,1,True
#
27,-5.494933,-12.55862,497.6053,0.866608,6,True
#
24,-2.110656,-12.37143,599.9998,0.9718375,1,True
#
*
?
5,-16.3778,-4.576545,597.1888,0.518526,0,True
#
6,-16.94264,-8.632432,342.5822,0.8752474,7,True
#
28,-15.36344,-3.075711,599.6194,0.8845618,3,True
#
27,-19.90675,-1.121958,598.1112,0.5659167,7,True
#
11,-16.10019,-2.35993,597.5557,0.7614238,3,True
#
14,-17.50013,-2.530519,358.7443,0.6325557,1,True
#
19,-11.1563,-4.479467,599.99,0.8516312,4,True
#
17,-14.59371,-7.728902,600,0.7159485,4,True
#
6,-18.99835,-6.871586,599.9999,0.9955269,4,True
#
8,-19.13376,-9.273916,500.2903,0.9002973,2,True
#
22,-19.60379,-1.144096,600,0.5662471,1,True
#
11,-16.67428,-1.521529,599.9447,0.7291017,2,True
#
19,-12.85257,-2.485155,600,0.6156003,4,True
#
5,-19.8791,-5.572133,600,0.9167523,1,True
#
21,-10.73466,-0.8555937,599.9725,0.9177898,6,True
#
1,-13.34875,-9.117678,599.9877,0.9800755,7,True
#
13,-11.69571,-5.619851,599.9857,0.5321981,7,True
#
24,-17.82125,-8.313234,599.9825,0.9316221,4,True
#
5,-13.38408,-6.847826,600,0.9787272,5,True
#
12,-12.85649,-9.564837,567.6689,0.8457845,6,True
#
15,-10.11453,-7.448723,542.3376,0.6802229,3,True
#
1,-16.511,-0.7808948,598.6906,0.9661286,6,True
#
11,-17.61818,-5.307966,532.273,0.7359172,4,True
#
16,-17.65112,-5.299788,543.4075,0.8158913,0,True
#
23,-10.26875,-1.515316,600,0.5791366,2,True
#
14,-15.74819,-3.680532,581.1139,0.7041141,2,True
#
0,-16.52316,-1.340402,600,0.9589481,1,True
#
18,-19.76115,-6.925102,598.8838,0.5880114,6,True
#
2,-11.68454,-7.907215,599.8073,0.9108536,6,True
#
13,-15.68627,-6.541859,596.5546,0.5430169,1,True
#
28,-16.23818,-6.564478,598.4448,0.5047051,0,True
#
18,-17.85923,-8.567418,554.2682,0.8081977,0,True
#
12,-15.38098,-2.265751,508.7947,0.6900388,7,True
#
15,-13.13566,-3.226839,600,0.5895067,1,True
#
1,-16.85212,-4.021914,596.2329,0.7004191,6,True
#
7,-18.1848,-1.991656,600,0.6408218,2,True
#
25,-19.5085,-2.635002,519.6998,0.8649259,3,True
#
27,-12.99521,-8.912959,600,0.8543152,4,True
#
21,-12.04087,-0.4410636,600,0.6078447,7,True
#
*
23,-14.43343,-10.73585,599.62,0.8085805,6,True
#
29,-15.67033,-12.05343,600,0.7146981,5,True
#
9,-12.83561,-17.79399,600,0.8276699,6,True
#
23,-17.53095,-16.38284,600,0.6938951,4,True
#
9,-16.5261,-19.62139,599.9999,0.8074665,6,True
#
27,-11.91234,-11.23435,600,0.5130987,0,True
#
12,-15.84794,-18.04107,347.3067,0.5859433,4,True
#
1,-18.47809,-13.61217,599.9993,0.5535789,7,True
#
16,-12.9137,-15.57984,600,0.5392416,0,True
#
3,-10.69229,-18.02621,599.9997,0.5372067,4,True
#
8,-19.86315,-10.59175,599.9939,0.796303,4,True
#
15,-19.7216,-15.98021,581.3827,0.9732574,0,True
#
13,-14.99715,-19.0654,599.9934,0.6377459,5,True
#
17,-16.05843,-12.20926,598.1143,0.8931733,5,True
#
17,-14.70594,-19.29875,596.8184,0.5611173,4,True
#
11,-19.73672,-17.14363,599.8737,0.5434108,5,True
#
17,-15.51428,-18.14786,484.2481,0.5187538,3,True
#
18,-15.06146,-18.81769,585.0714,0.8355617,5,True
#
2,-17.65661,-14.79223,599.9977,0.8074262,4,True
#
4,-13.21831,-10.90353,599.9998,0.8859007,4,True
#
4,-13.75855,-12.51464,575.1041,0.5732501,3,True
#
0,-14.66941,-13.29076,600,0.6751595,5,True
#
8,-14.36698,-19.28662,599.9158,0.8994997,5,True
#
28,-14.34021,-12.71659,586.0308,0.9386683,3,True
#
24,-19.51377,-15.56352,595.7996,0.5540348,7,True
#
1,-15.47384,-18.71664,599.2177,0.678593,3,True
#
10,-10.14438,-18.34587,599.9952,0.8830256,1,True
#
25,-17.69209,-16.47949,600,0.8652475,3,True
#
6,-10.51711,-17.42005,577.0522,0.5912532,5,True
#
1,-15.17217,-14.55692,600,0.7197139,5,True
#
4,-14.49781,-16.04755,407.4099,0.6426508,1,True
#
18,-18.37722,-10.16151,597.5562,0.6191484,7,True
#
2,-11.10523,-12.3347,599.9995,0.5504734,2,True
#
24,-15.493,-11.23746,598.9424,0.7034088,7,True
#
1,-10.00897,-14.74513,490.618,0.9607869,0,True
#
20,-18.17969,-12.24018,599.9843,0.579257,4,True
#
10,-12.67628,-19.63451,600,0.5945413,2,True
#
13,-16.08791,-17.53756,599.9509,0.9556428,5,True
#
22,-15.15908,-14.86419,599.1539,0.8732852,7,True
#
*
?
/
3,6.652884,-5.285626,599.9379,0.7948241,4,True
#
24,1.734065,-5.186512,600,0.6666272,2,True
#
24,6.240165,-1.84605,600,0.9984425,2,True
#
29,9.473866,-9.418879,600,0.8606303,4,True
#
27,3.156893,-9.814111,600,0.6043971,0,True
#
28,7.857724,-8.099491,599.4221,0.6287364,1,True
#
21,9.19772,-5.207255,579.2017,0.5973009,1,True
#
29,8.085704,-0.8156657,427.5244,0.6782616,7,True
#
8,5.493033,-8.158062,529.5729,0.9325646,3,True
#
13,2.469109,-8.950576,599.9882,0.7324495,7,True
#
9,4.026744,-4.450502,599.1586,0.951528,5,True
#
19,9.088731,-7.894521,600,0.7507503,0,True
#
17,4.584918,-6.712904,599.4676,0.6354941,2,True
#
14,4.37783,-3.533418,600,0.9089118,7,True
#
26,9.480486,-6.093898,599.9831,0.870155,2,True
#
0,0.5731225,-8.723989,357.453,0.984018,7,True
#
10,6.462417,-8.369313,474.4238,0.5353919,3,True
#
21,4.656326,-2.502442,592.8622,0.5042596,2,True
#
12,0.7773936,-6.084462,599.9965,0.6400411,5,True
#
3,0.8523571,-4.176642,564.6851,0.6908815,6,True
#
26,3.535502,-8.563055,595.4073,0.6276387,7,True
#
24,0.6591928,-4.54434,600,0.5827788,2,True
#
18,9.632583,-1.485,598.6401,0.8306095,0,True
#
6,2.486198,-0.9356439,599.6329,0.9200901,5,True
#
23,3.976106,-1.771188,600,0.8960167,1,True
#
2,0.2725577,-6.60076,599.9999,0.8656321,3,True
#
20,8.90622,-7.230273,600,0.9082957,1,True
#
16,7.18466,-1.345065,359.5439,0.6821257,1,True
#
16,9.301727,-2.571092,598.9644,0.8950641,7,True
#
19,7.818356,-6.674278,600,0.6567297,1,True
#
25,2.34594,-7.412557,598.8246,0.6735575,6,True
#
22,3.248423,-9.436468,345.0568,0.661436,5,True
#
17,0.2511466,-3.297536,599.5373,0.5933737,0,True
#
7,1.441456,-5.556466,600,0.7262,6,True
#
22,7.515868,-3.565251,591.0598,0.6340277,6,True
#
15,4.042177,-1.763047,500.0253,0.7893155,4,True
#
28,3.571992,-1.19689,599.2825,0.8988733,7,True
#
9,7.908101,-8.927698,599.8572,0.8238763,2,True
#
12,2.223771,-4.911318,600,0.6405965,2,True
#
*
21,3.690858,-19.8823,598.5361,0.6562908,6,True
#
23,9.249136,-17.36677,600,0.6099737,5,True
#
1,2.107035,-15.87096,599.9998,0.7375873,7,True
#
2,2.15596,-13.7924,599.9625,0.9061229,3,True
#
18,7.667987,-11.32027,599.4485,0.5950077,4,True
#
1,7.767139,-15.75878,600,0.749616,7,True
#
16,5.705921,-19.73355,587.9277,0.9152547,0,True
#
11,0.7784414,-12.96335,596.0552,0.9607494,1,True
#
21,7.777824,-13.23952,594.2798,0.5197017,1,True
#
8,1.059082,-11.72535,491.9082,0.5930355,1,True
#
26,9.005644,-11.35853,599.9999,0.6088305,4,True
#
5,6.009595,-14.09064,600,0.9558872,4,True
#
27,8.696794,-16.99582,596.3673,0.8158296,3,True
#
6,4.588817,-14.85605,592.4971,0.8000016,7,True
#
12,7.165765,-15.43447,599.9722,0.7328081,1,True
#
1,2.269183,-16.4676,599.9949,0.7095317,1,True
#
15,4.001765,-15.32618,597.5116,0.9916321,4,True
#
24,3.482122,-14.96928,599.9926,0.9876022,3,True
#
12,8.812858,-17.58394,599.713,0.9408994,3,True
#
27,2.54024,-16.30862,599.996,0.8381422,4,True
#
6,8.025609,-16.18686,600,0.6619064,3,True
#
5,5.98165,-10.22358,590.4623,0.6513759,1,True
#
7,2.046112,-11.4447,600,0.5649174,3,True
#
10,4.761548,-18.97285,560.1421,0.7941092,4,True
#
1,1.669892,-19.37663,600,0.812991,1,True
#
20,0.6109071,-10.60972,600,0.83078,2,True
#
27,0.9204268,-19.62377,599.9954,0.760931,6,True
#
22,1.937611,-17.5213,600,0.7860698,3,True
#
26,6.182305,-19.57271,600,0.7971964,4,True
#
16,5.182302,-12.15043,478.1883,0.7901183,7,True
#
8,7.979206,-17.06971,599.8965,0.8364075,4,True
#
19,4.269372,-13.64302,594.8944,0.9595443,7,True
#
21,3.614666,-11.97998,600,0.7506953,1,True
#
26,0.3964531,-19.23668,600,0.635282,6,True
#
8,2.12339,-17.05961,600,0.6720471,1,True
#
27,0.229218,-17.00955,599.9266,0.793702,3,True
#
2,2.37107,-12.7238,598.1757,0.5978934,1,True
#
15,2.928851,-17.73879,600,0.5293767,4,True
#
17,7.131924,-19.1028,600,0.8774037,0,True
#
11,1.880988,-19.14076,599.9999,0.9733515,0,True
#
*
?
17,18.74482,-8.67401,600,0.6807734,6,True
#
2,10.15268,-0.191021,600,0.5661332,4,True
#
25,12.15911,-7.277855,599.2865,0.769953,4,True
#
0,15.4768,-8.682738,597.4336,0.9662669,3,True
#
6,18.37793,-0.6154418,599.9999,0.5150464,5,True
#
28,14.2007,-6.297169,542.9266,0.735458,6,True
#
2,12.15008,-0.1451206,598.9076,0.5621886,7,True
#
12,10.25102,-9.989967,553.1765,0.5046802,4,True
#
12,10.77296,-2.730035,549.2712,0.7547492,6,True
#
5,19.21664,-7.802033,599.9999,0.7084913,7,True
#
7,12.2227,-2.787783,600,0.7973397,5,True
#
21,17.65521,-1.874033,592.1263,0.5644827,4,True
#
19,14.90229,-3.216505,596.3563,0.9219764,6,True
#
14,12.70205,-2.364523,599.9986,0.9905269,2,True
#
26,17.68934,-7.839448,599.9999,0.6669874,2,True
#
27,15.65124,-3.665219,600,0.5272176,0,True
#
6,17.82242,-9.418024,599.7167,0.9867868,0,True
#
12,12.63037,-0.8838904,539.6758,0.8181242,7,True
#
20,19.40343,-8.213663,596.8591,0.668666,3,True
#
27,16.15178,-4.800957,600,0.7660224,7,True
#
20,16.83203,-5.801647,600,0.7084613,2,True
#
27,14.83492,-8.059801,600,0.9964557,0,True
#
23,18.19743,-1.010011,600,0.8227096,4,True
#
6,19.25683,-4.12401,599.9999,0.9334356,2,True
#
16,11.66211,-3.402929,600,0.7775173,0,True
#
24,19.42558,-4.179039,592.2373,0.9977052,7,True
#
12,11.11252,-6.098027,546.2221,0.833633,3,True
#
12,18.85028,-3.070474,600,0.6435702,1,True
#
18,19.57058,-2.09981,598.7908,0.9776528,5,True
#
4,18.17841,-2.652461,599.9996,0.7723722,4,True
#
21,12.65266,-2.076472,508.38,0.6904218,5,True
#
1,14.13594,-7.261349,599.9812,0.7953985,3,True
#
4,16.78781,-6.259384,599.9998,0.9443532,0,True
#
17,14.06188,-4.257154,600,0.9994602,4,True
#
25,17.60674,-9.706489,595.3623,0.5028934,3,True
#
7,17.42875,-7.482619,600,0.8158035,7,True
#
16,10.33348,-5.198601,599.9827,0.7850158,3,True
#
22,19.69428,-9.384382,597.3711,0.6020379,6,True
#
21,16.98799,-9.700237,598.7415,0.9079162,6,True
#
*
10,16.50363,-15.87589,564.4671,0.5011659,5,True
#
7,19.95727,-18.94905,599.9855,0.9258878,5,True
#
13,18.52652,-13.68848,305.7336,0.6518161,0,True
#
25,11.59719,-18.45428,600,0.8690529,5,True
#
25,19.92402,-15.14397,434.9803,0.9898843,0,True
#
2,11.3686,-16.63867,597.2141,0.7866321,3,True
#
12,19.5954,-14.46222,597.8968,0.6526662,0,True
#
9,10.27789,-14.16644,590.4222,0.9921346,2,True
#
20,12.86263,-15.05064,599.9546,0.9062986,3,True
#
24,15.21554,-15.85843,599.8184,0.8930888,4,True
#
11,10.46699,-14.73569,592.8375,0.7857456,3,True
#
27,15.47828,-15.32987,600,0.8808946,2,True
#
4,16.84483,-12.84251,600,0.9664797,2,True
#
13,10.24589,-11.82449,599.7885,0.9784204,1,True
#
15,12.07358,-14.30713,536.9921,0.848878,2,True
#
0,10.08631,-15.88446,599.9968,0.6036904,7,True
#
15,14.09721,-18.37359,599.9977,0.6340685,7,True
#
16,10.30855,-12.93802,599.5972,0.9078004,4,True
#
20,18.72988,-15.58803,600,0.5593989,7,True
#
16,15.04722,-19.84993,599.9946,0.9466339,7,True
#
14,11.79451,-15.94479,600,0.9295254,6,True
#
24,19.24368,-18.66931,599.7296,0.5230151,6,True
#
29,10.68759,-19.72367,598.4954,0.960939,0,True
#
23,14.43766,-18.72703,599.9999,0.5387675,4,True
#
13,10.31164,-16.52134,597.9219,0.9633524,5,True
#
27,15.19273,-15.59047,599.9001,0.6716088,2,True
#
15,12.85212,-19.42562,589.8178,0.7952675,2,True
#
0,12.55393,-10.93436,599.9996,0.7440755,2,True
#
11,11.61416,-15.69786,599.9991,0.5801457,5,True
#
3,12.33536,-17.79233,600,0.8916547,1,True
#
18,17.43139,-19.42099,599.9583,0.9012663,6,True
#
15,10.9177,-15.0224,569.7436,0.9717308,0,True
#
25,13.67149,-15.28312,559.4243,0.8137737,4,True
#
12,13.93469,-16.63628,600,0.5783434,3,True
#
29,12.43106,-19.24155,599.3339,0.8452686,0,True
#
28,18.13352,-17.70924,599.9999,0.5224965,5,True
#
29,16.82114,-11.86596,599.9861,0.5735523,1,True
#
27,12.39811,-16.70754,600,0.9251971,1,True
#
19,13.96229,-15.36744,587.4842,0.6080211,4,True
#
*
?
/
